%GOM
GOM = [0.296305445938094,-0.00322657232681885,-0.399608774360703,-0.00479742530292702,-0.00757396240690808,1.57972762238589]

%levinson
LEV = [0.289640918382454,-0.00190172579032201,-0.462032494832480,0.00314682817909475,0.000560989487464488,1.57802081989800]

%nmi
NMI = [0.299162609314431,-0.00153917098883847,-0.423273306177695,0.000319793177310196,-0.00373982462931572,1.57658577341020]

